# Toy matrix to compare different clustering approaches.
1.0000 0.7884 0.7318 0.7572 0.7353 0.6327 0.5146 0.4755 0.5234 0.4945 0.0007 0.0557 0.0636 0.0025 0.0000 0.0000 0.0000 0.0000 0.3637 0.0000 0.0004 0.0522 0.2076 0.0203 0.0006 0.0000 0.0000 0.0000 0.0000 0.0003
0.7884 1.0000 0.6639 0.6854 0.6208 0.5261 0.4974 0.4434 0.4118 0.4529 0.0000 0.0033 0.0001 0.0000 0.0033 0.0169 0.0000 0.0044 0.0000 0.0047 0.0004 0.0024 0.0175 0.0228 0.0001 0.0007 0.0437 0.0000 0.0011 0.0000
0.7318 0.6639 1.0000 0.6180 0.5920 0.6467 0.4240 0.4297 0.4056 0.4331 0.0000 0.0001 0.0062 0.0000 0.0000 0.0001 0.0000 0.0000 0.0040 0.0008 0.0275 0.0000 0.0019 0.0000 0.0000 0.0000 0.0001 0.4063 0.0000 0.2681
0.7572 0.6854 0.6180 1.0000 0.6329 0.5541 0.4031 0.3549 0.4758 0.4349 0.0322 0.0077 0.0000 0.1984 0.0007 0.0001 0.0000 0.0000 0.3740 0.0274 0.0001 0.0000 0.0000 0.0000 0.1496 0.0068 0.0004 0.0001 0.0000 0.0000
0.7353 0.6208 0.5920 0.6329 1.0000 0.4507 0.4624 0.5328 0.3349 0.3832 0.0070 0.0529 0.0000 0.0000 0.0000 0.0000 0.1442 0.0000 0.0007 0.0059 0.1658 0.0000 0.0774 0.0327 0.0000 0.0000 0.3155 0.0000 0.0000 0.0001
0.6327 0.5261 0.6467 0.5541 0.4507 1.0000 0.3939 0.4859 0.2126 0.2637 0.0000 0.0402 0.0000 0.0000 0.0013 0.0000 0.0030 0.0016 0.0000 0.1217 0.0007 0.0000 0.0001 0.0734 0.0000 0.0000 0.0000 0.4207 0.0376 0.0174
0.5146 0.4974 0.4240 0.4031 0.4624 0.3939 1.0000 0.2174 0.6010 0.3285 0.0751 0.0000 0.0006 0.0058 0.0000 0.2746 0.0000 0.0116 0.0000 0.0332 0.0098 0.2148 0.0015 0.0002 0.0000 0.0000 0.0018 0.0139 0.0000 0.0000
0.4755 0.4434 0.4297 0.3549 0.5328 0.4859 0.2174 1.0000 0.4259 0.3893 0.0000 0.0001 0.0000 0.1321 0.0055 0.0524 0.0000 0.0002 0.0000 0.0000 0.0000 0.0001 0.6631 0.0000 0.0670 0.0634 0.0000 0.0008 0.0000 0.0000
0.5234 0.4118 0.4056 0.4758 0.3349 0.2126 0.6010 0.4259 1.0000 0.1800 0.0000 0.0094 0.0000 0.0000 0.0000 0.0010 0.0020 0.0000 0.0003 0.0056 0.0002 0.0032 0.0000 0.0000 0.0467 0.0000 0.0012 0.0000 0.0000 0.0000
0.4945 0.4529 0.4331 0.4349 0.3832 0.2637 0.3285 0.3893 0.1800 1.0000 0.0000 0.0732 0.0237 0.0000 0.0013 0.0000 0.0000 0.0028 0.0000 0.0000 0.0034 0.0088 0.0525 0.0000 0.0046 0.0270 0.2709 0.0013 0.1584 0.0000
0.0007 0.0000 0.0000 0.0322 0.0070 0.0000 0.0751 0.0000 0.0000 0.0000 1.0000 1.0000 0.8656 0.7050 0.6880 0.6533 0.0001 0.0068 0.0000 0.1078 0.0407 0.0002 0.0000 0.0000 0.0053 0.0001 0.0014 0.0000 0.0000 0.0000
0.0557 0.0033 0.0001 0.0077 0.0529 0.0402 0.0000 0.0001 0.0094 0.0732 1.0000 1.0000 0.7507 0.6424 0.5931 0.5894 0.0990 0.0000 0.0000 0.0000 0.0000 0.0013 0.0000 0.0000 0.0000 0.0000 0.0004 0.0012 0.0000 0.0000
0.0636 0.0001 0.0062 0.0000 0.0000 0.0000 0.0006 0.0000 0.0000 0.0237 0.8656 0.7507 1.0000 0.6789 0.7570 0.5992 0.0736 0.0000 0.0000 0.0002 0.2022 0.0736 0.4657 0.0000 0.0000 0.3348 0.0001 0.1156 0.0073 0.0776
0.0025 0.0000 0.0000 0.1984 0.0000 0.0000 0.0058 0.1321 0.0000 0.0000 0.7050 0.6424 0.6789 1.0000 0.5308 0.5663 0.0000 0.0038 0.0308 0.4867 0.3148 0.0000 0.0001 0.0343 0.0000 0.0000 0.0000 0.0006 0.0363 0.0343
0.0000 0.0033 0.0000 0.0007 0.0000 0.0013 0.0000 0.0055 0.0000 0.0013 0.6880 0.5931 0.7570 0.5308 1.0000 0.5308 0.0009 0.0000 0.0002 0.0419 0.0057 0.0000 0.0002 0.0000 0.0000 0.0439 0.2761 0.0037 0.0000 0.0000
0.0000 0.0169 0.0001 0.0001 0.0000 0.0000 0.2746 0.0524 0.0010 0.0000 0.6533 0.5894 0.5992 0.5663 0.5308 1.0000 0.0000 0.0841 0.0000 0.0000 0.0002 0.0071 0.0000 0.0000 0.0001 0.0000 0.0000 0.0000 0.0000 0.0000
0.0000 0.0000 0.0000 0.0000 0.1442 0.0030 0.0000 0.0000 0.0020 0.0000 0.0001 0.0990 0.0736 0.0000 0.0009 0.0000 1.0000 0.8084 0.8954 0.6146 0.0005 0.0166 0.0862 0.0010 0.0000 0.0012 0.0000 0.0038 0.0002 0.0000
0.0000 0.0044 0.0000 0.0000 0.0000 0.0016 0.0116 0.0002 0.0000 0.0028 0.0068 0.0000 0.0000 0.0038 0.0000 0.0841 0.8084 1.0000 0.8128 0.6758 0.0000 0.0001 0.0000 0.0008 0.0000 0.0000 0.0000 0.0000 0.0130 0.0037
0.3637 0.0000 0.0040 0.3740 0.0007 0.0000 0.0000 0.0000 0.0003 0.0000 0.0000 0.0000 0.0000 0.0308 0.0002 0.0000 0.8954 0.8128 1.0000 0.6341 0.0000 0.0000 0.0046 0.0000 0.0000 0.0000 0.0005 0.0114 0.0000 0.0000
0.0000 0.0047 0.0008 0.0274 0.0059 0.1217 0.0332 0.0000 0.0056 0.0000 0.1078 0.0000 0.0002 0.4867 0.0419 0.0000 0.6146 0.6758 0.6341 1.0000 0.0567 0.0000 0.0000 0.0000 0.0000 0.0000 0.0001 0.0000 0.2897 0.0000
0.0004 0.0004 0.0275 0.0001 0.1658 0.0007 0.0098 0.0000 0.0002 0.0034 0.0407 0.0000 0.2022 0.3148 0.0057 0.0002 0.0005 0.0000 0.0000 0.0567 1.0000 0.0000 0.3240 0.4265 0.2578 0.0000 0.0012 0.0000 0.0002 0.0013
0.0522 0.0024 0.0000 0.0000 0.0000 0.0000 0.2148 0.0001 0.0032 0.0088 0.0002 0.0013 0.0736 0.0000 0.0000 0.0071 0.0166 0.0001 0.0000 0.0000 0.0000 1.0000 0.0000 0.0000 0.0060 0.0000 0.0061 0.0000 0.0002 0.1292
0.2076 0.0175 0.0019 0.0000 0.0774 0.0001 0.0015 0.6631 0.0000 0.0525 0.0000 0.0000 0.4657 0.0001 0.0002 0.0000 0.0862 0.0000 0.0046 0.0000 0.3240 0.0000 1.0000 0.0019 0.0082 0.0000 0.0185 0.1471 0.0010 0.0000
0.0203 0.0228 0.0000 0.0000 0.0327 0.0734 0.0002 0.0000 0.0000 0.0000 0.0000 0.0000 0.0000 0.0343 0.0000 0.0000 0.0010 0.0008 0.0000 0.0000 0.4265 0.0000 0.0019 1.0000 0.0009 0.0055 0.0000 0.0000 0.0000 0.1310
0.0006 0.0001 0.0000 0.1496 0.0000 0.0000 0.0000 0.0670 0.0467 0.0046 0.0053 0.0000 0.0000 0.0000 0.0000 0.0001 0.0000 0.0000 0.0000 0.0000 0.2578 0.0060 0.0082 0.0009 1.0000 0.0000 0.0000 0.0001 0.0007 0.0046
0.0000 0.0007 0.0000 0.0068 0.0000 0.0000 0.0000 0.0634 0.0000 0.0270 0.0001 0.0000 0.3348 0.0000 0.0439 0.0000 0.0012 0.0000 0.0000 0.0000 0.0000 0.0000 0.0000 0.0055 0.0000 1.0000 0.0000 0.0000 0.0286 0.0206
0.0000 0.0437 0.0001 0.0004 0.3155 0.0000 0.0018 0.0000 0.0012 0.2709 0.0014 0.0004 0.0001 0.0000 0.2761 0.0000 0.0000 0.0000 0.0005 0.0001 0.0012 0.0061 0.0185 0.0000 0.0000 0.0000 1.0000 0.0004 0.0089 0.3907
0.0000 0.0000 0.4063 0.0001 0.0000 0.4207 0.0139 0.0008 0.0000 0.0013 0.0000 0.0012 0.1156 0.0006 0.0037 0.0000 0.0038 0.0000 0.0114 0.0000 0.0000 0.0000 0.1471 0.0000 0.0001 0.0000 0.0004 1.0000 0.0012 0.0000
0.0000 0.0011 0.0000 0.0000 0.0000 0.0376 0.0000 0.0000 0.0000 0.1584 0.0000 0.0000 0.0073 0.0363 0.0000 0.0000 0.0002 0.0130 0.0000 0.2897 0.0002 0.0002 0.0010 0.0000 0.0007 0.0286 0.0089 0.0012 1.0000 0.0000
0.0003 0.0000 0.2681 0.0000 0.0001 0.0174 0.0000 0.0000 0.0000 0.0000 0.0000 0.0000 0.0776 0.0343 0.0000 0.0000 0.0000 0.0037 0.0000 0.0000 0.0013 0.1292 0.0000 0.1310 0.0046 0.0206 0.3907 0.0000 0.0000 1.0000
